ini bucket
[[5.1 3.5] [4.9 3. ] [4.7 3.2] [4.6 3.1] [5.  3.6] [5.4 3.9] [4.6 3.4] [5.  3.4] [4.4 2.9] [4.9 3.1] [5.4 3.7] [4.8 3.4] [4.8 3. ] [4.3 3. ] [5.8 4. ] [5.7 4.4] [5.4 3.9] [5.1 3.5] [5.7 3.8] [5.1 3.8] [5.4 3.4] [5.1 3.7] [4.6 3.6] [5.1 3.3] [4.8 3.4] [5.  3. ] [5.  3.4] [5.2 3.5] [5.2 3.4] [4.7 3.2] [4.8 3.1] [5.4 3.4] [5.2 4.1] [5.5 4.2] [4.9 3.1] [5.  3.2] [5.5 3.5] [4.9 3.6] [4.4 3. ] [5.1 3.4] [5.  3.5] [4.5 2.3] [4.4 3.2] [5.  3.5] [5.1 3.8] [4.8 3. ] [5.1 3.8] [4.6 3.2] [5.3 3.7] [5.  3.3]]

ini hull.simplice
[[41 13] [36 41] [22 13] [22 32] [15 14] [15 32] [18 14] [18 36]]

ini bucket
[[7.  3.2] [6.4 3.2] [6.9 3.1] [5.5 2.3] [6.5 2.8] [5.7 2.8] [6.3 3.3] [4.9 2.4] [6.6 2.9] [5.2 2.7] [5.  2. ] [5.9 3. ] [6.  2.2] [6.1 2.9] [5.6 2.9] [6.7 3.1] [5.6 3. ] [5.8 2.7] [6.2 2.2] [5.6 2.5] [5.9 3.2] [6.1 2.8] [6.3 2.5] [6.1 2.8] [6.4 2.9] [6.6 3. ] [6.8 2.8] [6.7 3. ] [6.  2.9] [5.7 2.6] [5.5 2.4] [5.5 2.4] [5.8 2.7] [6.  2.7] [5.4 3. ] [6.  3.4] [6.7 3.1] [6.3 2.3] [5.6 3. ] [5.5 2.5] [5.5 2.6] [6.1 3. ] [5.8 2.6] [5.  2.3] [5.6 2.7] [5.7 3. ] [5.7 2.9] [6.2 2.9] [5.1 2.5] [5.7 2.8]]

ini hull.simplice
[[35  0] [34  7] [34 35] [10  7] [10 18] [26  0] [26 18]]

ini bucket
[[6.3 3.3] [5.8 2.7] [7.1 3. ] [6.3 2.9] [6.5 3. ] [7.6 3. ] [4.9 2.5] [7.3 2.9] [6.7 2.5] [7.2 3.6] [6.5 3.2] [6.4 2.7] [6.8 3. ] [5.7 2.5] [5.8 2.8] [6.4 3.2] [6.5 3. ] [7.7 3.8] [7.7 2.6] [6.  2.2] [6.9 3.2] [5.6 2.8] [7.7 2.8] [6.3 2.7] [6.7 3.3] [7.2 3.2] [6.2 2.8] [6.1 3. ] [6.4 2.8] [7.2 3. ] [7.4 2.8] [7.9 3.8] [6.4 2.8] [6.3 2.8] [6.1 2.6] [7.7 3. ] [6.3 3.4] [6.4 3.1] [6.  3. ] [6.9 3.1] [6.7 3.1] [6.9 3.1] [5.8 2.7] [6.8 3.2] [6.7 3.3] [6.7 3. ] [6.3 2.5] [6.5 3. ] [6.2 3.4] [5.9 3. ]]

ini hull.simplice
[[19  6] [18 31] [18 19] [48  6] [17 31] [17 48]]


ASLI
[[5.1 3.5] [4.9 3. ] [4.7 3.2] [4.6 3.1] [5.  3.6] [5.4 3.9] [4.6 3.4] [5.  3.4] [4.4 2.9] [4.9 3.1] [5.4 3.7] [4.8 3.4] [4.8 3. ] [4.3 3. ] [5.8 4. ] [5.7 4.4] [5.4 3.9] [5.1 3.5] [5.7 3.8] [5.1 3.8] [5.4 3.4] [5.1 3.7] [4.6 3.6] [5.1 3.3] [4.8 3.4] [5.  3. ] [5.  3.4] [5.2 3.5] [5.2 3.4] [4.7 3.2] [4.8 3.1] [5.4 3.4] [5.2 4.1] [5.5 4.2] [4.9 3.1] [5.  3.2] [5.5 3.5] [4.9 3.6] [4.4 3. ] [5.1 3.4] [5.  3.5] [4.5 2.3] [4.4 3.2] [5.  3.5] [5.1 3.8] [4.8 3. ] [5.1 3.8] [4.6 3.2] [5.3 3.7] [5.  3.3]]
KEURUT
[array([4.3, 3. ]), array([4.4, 2.9]), array([4.4, 3. ]), array([4.4, 3.2]), array([4.5, 2.3]), array([4.6, 3.1]), array([4.6, 3.2]), array([4.6, 3.4]), array([4.6, 3.6]), array([4.7, 3.2]), array([4.7, 3.2]), array([4.8, 3. ]), array([4.8, 3. ]), array([4.8, 3.1]), array([4.8, 3.4]), array([4.8, 3.4]), array([4.9, 3. ]), array([4.9, 3.1]), array([4.9, 3.1]), array([4.9, 3.6]), array([5., 3.]), array([5. , 3.2]), array([5. , 3.3]), array([5. , 3.4]), array([5. , 3.4]), array([5. , 3.5]), array([5. , 3.5]), array([5. , 3.6]), array([5.1, 3.3]), array([5.1, 3.4]), array([5.1, 3.5]), array([5.1, 3.5]), array([5.1, 3.7]), array([5.1, 3.8]), array([5.1, 3.8]), array([5.1, 3.8]), array([5.2, 3.4]), array([5.2, 3.5]), array([5.2, 4.1]), array([5.3, 3.7]), array([5.4, 3.4]), array([5.4, 3.4]), array([5.4, 3.7]), array([5.4, 3.9]), array([5.4, 3.9]), array([5.5, 3.5]), array([5.5, 4.2]), array([5.7, 3.8]), array([5.7, 4.4]), array([5.8, 4. ])]
ASLI
[[7.  3.2] [6.4 3.2] [6.9 3.1] [5.5 2.3] [6.5 2.8] [5.7 2.8] [6.3 3.3] [4.9 2.4] [6.6 2.9] [5.2 2.7] [5.  2. ] [5.9 3. ] [6.  2.2] [6.1 2.9] [5.6 2.9] [6.7 3.1] [5.6 3. ] [5.8 2.7] [6.2 2.2] [5.6 2.5] [5.9 3.2] [6.1 2.8] [6.3 2.5] [6.1 2.8] [6.4 2.9] [6.6 3. ] [6.8 2.8] [6.7 3. ] [6.  2.9] [5.7 2.6] [5.5 2.4] [5.5 2.4] [5.8 2.7] [6.  2.7] [5.4 3. ] [6.  3.4] [6.7 3.1] [6.3 2.3] [5.6 3. ] [5.5 2.5] [5.5 2.6] [6.1 3. ] [5.8 2.6] [5.  2.3] [5.6 2.7] [5.7 3. ] [5.7 2.9] [6.2 2.9] [5.1 2.5] [5.7 2.8]]
KEURUT
[array([4.9, 2.4]), array([5., 2.]), array([5. , 2.3]), array([5.1, 2.5]), array([5.2, 2.7]), array([5.4, 3. ]), array([5.5, 2.3]), array([5.5, 2.4]), array([5.5, 2.4]), array([5.5, 2.5]), array([5.5, 2.6]), array([5.6, 2.5]), array([5.6, 2.7]), array([5.6, 2.9]), array([5.6, 3. ]), array([5.6, 3. ]), array([5.7, 2.6]), array([5.7, 2.8]), array([5.7, 2.8]), array([5.7, 2.9]), array([5.7, 3. ]), array([5.8, 2.6]), array([5.8, 2.7]), array([5.8, 2.7]), array([5.9, 3. ]), array([5.9, 3.2]), array([6. , 2.2]), array([6. , 2.7]), array([6. , 2.9]), array([6. , 3.4]), array([6.1, 2.8]), array([6.1, 2.8]), array([6.1, 2.9]), array([6.1, 3. ]), array([6.2, 2.2]), array([6.2, 2.9]), array([6.3, 2.3]), array([6.3, 2.5]), array([6.3, 3.3]), array([6.4, 2.9]), array([6.4, 3.2]), array([6.5, 2.8]), array([6.6, 2.9]), array([6.6, 3. ]), array([6.7, 3. ]), array([6.7, 3.1]), array([6.7, 3.1]), array([6.8, 2.8]), array([6.9, 3.1]), array([7. , 3.2])]
ASLI
[[6.3 3.3]
 [5.8 2.7]
 [7.1 3. ]
 [6.3 2.9]
 [6.5 3. ]
 [7.6 3. ]
 [4.9 2.5]
 [7.3 2.9]
 [6.7 2.5]
 [7.2 3.6]
 [6.5 3.2]
 [6.4 2.7]
 [6.8 3. ]
 [5.7 2.5]
 [5.8 2.8]
 [6.4 3.2]
 [6.5 3. ]
 [7.7 3.8]
 [7.7 2.6]
 [6.  2.2]
 [6.9 3.2]
 [5.6 2.8]
 [7.7 2.8]
 [6.3 2.7]
 [6.7 3.3]
 [7.2 3.2]
 [6.2 2.8]
 [6.1 3. ]
 [6.4 2.8]
 [7.2 3. ]
 [7.4 2.8]
 [7.9 3.8]
 [6.4 2.8]
 [6.3 2.8]
 [6.1 2.6]
 [7.7 3. ]
 [6.3 3.4]
 [6.4 3.1]
 [6.  3. ]
 [6.9 3.1]
 [6.7 3.1]
 [6.9 3.1]
 [5.8 2.7]
 [6.8 3.2]
 [6.7 3.3]
 [6.7 3. ]
 [6.3 2.5]
 [6.5 3. ]
 [6.2 3.4]
 [5.9 3. ]]
KEURUT
[array([4.9, 2.5]), array([5.6, 2.8]), array([5.7, 2.5]), array([5.8, 2.7]), array([5.8, 2.7]), array([5.8, 2.8]), array([5.9, 3. ]), array([6. , 2.2]), array([6., 3.]), array([6.1, 2.6]), array([6.1, 3. ]), array([6.2, 2.8]), array([6.2, 3.4]), array([6.3, 2.5]), array([6.3, 2.7]), array([6.3, 2.8]), array([6.3, 2.9]), array([6.3, 3.3]), array([6.3, 3.4]), array([6.4, 2.7]), array([6.4, 2.8]), array([6.4, 2.8]), array([6.4, 3.1]), array([6.4, 3.2]), array([6.5, 3. ]), array([6.5, 3. ]), array([6.5, 3. ]), array([6.5, 3.2]), array([6.7, 2.5]), array([6.7, 3. ]), array([6.7, 3.1]), array([6.7, 3.3]), array([6.7, 3.3]), array([6.8, 3. ]), array([6.8, 3.2]), array([6.9, 3.1]), array([6.9, 3.1]), array([6.9, 3.2]), array([7.1, 3. ]), array([7.2, 3. ]), array([7.2, 3.2]), array([7.2, 3.6]), array([7.3, 2.9]), array([7.4, 2.8]), array([7.6, 3. ]), array([7.7, 2.6]), array([7.7, 2.8]), array([7.7, 3. ]), array([7.7, 3.8]), array([7.9, 3.8])]