----------------------------------------------------------------------------------------------------------------------------
[0[1.4 0.2] [1.4 0.2] [1.3 0.2] [1.5 0.2] [1.4 0.2] 5[1.7 0.4] [1.4 0.3] [1.5 0.2] [1.4 0.2] 9[1.5 0.1] [1.5 0.2] [1.6 0.2] [1.4 0.1] 13[1.1 0.1] 
14[1.2 0.2] [1.5 0.4] 16[1.3 0.4] [1.4 0.3] 18[1.7 0.3] [1.5 0.3] [1.7 0.2] [1.5 0.4] 22[1.  0.2] [1.7 0.5] 24[1.9 0.2] [1.6 0.2] 26[1.6 0.4] [1.5 0.2] 
28[1.4 0.2] [1.6 0.2] [1.6 0.2] 31[1.5 0.4] 32[1.5 0.1] [1.4 0.2] 34[1.5 0.2] [1.2 0.2] [1.3 0.2] [1.4 0.1] 38[1.3 0.2] [1.5 0.2] [1.3 0.3] 41[1.3 0.3] 
42[1.3 0.2] 43[1.6 0.6] [1.9 0.4] 45[1.4 0.3] [1.6 0.2] [1.4 0.2] 48[1.5 0.2] [1.4 0.2]]

[43 22] 
[44 24] d
[44 43] c
[ 9 24] e
[13 22] b
[13  9] a

[22 16]
[16 43]
[43 44] c
[44 24] d
[24  9] e
[ 9 13] a
[13 22]  b

 fartest  
[1.6 0.6]  43
fartest  
[1.3 0.4] 16
fartest  
[1.5 0.1] 32/9
fartest  
[1.9 0.2] 24
fartest  
[1.1 0.1] 13

S1
[[1.7 0.4] 
 [1.4 0.3] 
 [1.5 0.4] 
 [1.3 0.4] 
 [1.4 0.3] 
 [1.5 0.4] 
 [1.7 0.5] 
 [1.6 0.4] 
 [1.5 0.4] 
 [1.3 0.3] 
 [1.3 0.3] 
 [1.6 0.6] 
 [1.4 0.3]]
S2
[[1.4 0.2] 
 [1.4 0.2] 
 [1.3 0.2] 
 [1.5 0.2] 
 [1.4 0.2] 
 [1.5 0.2] 
 [1.4 0.2] 
 [1.5 0.1] 
 [1.5 0.2] 
 [1.6 0.2] 
 [1.4 0.1] 
 [1.1 0.1] 
 [1.2 0.2] 
 [1.7 0.3] 
 [1.5 0.3] 
 [1.7 0.2] 
 [1.9 0.2] 
 [1.6 0.2] 
 [1.5 0.2] 
 [1.4 0.2]
 [1.6 0.2]
 [1.6 0.2]
 [1.5 0.1]
 [1.4 0.2]
 [1.5 0.2]
 [1.2 0.2]
 [1.3 0.2]
 [1.4 0.1]
 [1.3 0.2]
 [1.5 0.2]
 [1.3 0.2]
 [1.6 0.2]
 [1.4 0.2]
 [1.5 0.2]
 [1.4 0.2]]


----------------------------------------------------------------------------------------------------------------------------
[[4.7 1.4] [4.5 1.5] [4.9 1.5] [4.  1.3] [4.6 1.5] [4.5 1.3] [4.7 1.6] [3.3 1. ] [4.6 1.3] [3.9 1.4] [3.5 1. ] [4.2 1.5] [4.  1. ] [4.7 1.4] [3.6 1.3] [4.4 1.4] [4.5 1.5] [4.1 1. ] [4.5 1.5] [3.9 1.1] [4.8 1.8] [4.  1.3] [4.9 1.5] [4.7 1.2] [4.3 1.3] [4.4 1.4] [4.8 1.4] [5.  1.7] [4.5 1.5] [3.5 1. ] [3.8 1.1] [3.7 1. ] [3.9 1.2] [5.1 1.6] [4.5 1.5] [4.5 1.6] [4.7 1.5] [4.4 1.3] [4.1 1.3] [4.  1.3] [4.4 1.2] [4.6 1.4] [4.  1.2] [3.3 1. ] [4.2 1.3] [4.2 1.2] [4.2 1.3] [4.3 1.3] [3.  1.1] [4.1 1.3]]

[20 48]
[27 33]
[27 20]
[ 7 48]
[ 7 17]
[23 33]
[23 17]


[48 20]
[20 27]
[27 33]
[33 23]
[23 17]
[17  7]
[ 7 48]
----------------------------------------------------------------------------------------------------------------------------
[[6.  2.5] [5.1 1.9] [5.9 2.1] [5.6 1.8] [5.8 2.2] [6.6 2.1] [4.5 1.7] [6.3 1.8] [5.8 1.8] [6.1 2.5] [5.1 2. ] [5.3 1.9] [5.5 2.1] [5.  2. ] [5.1 2.4] [5.3 2.3] [5.5 1.8] [6.7 2.2] [6.9 2.3] [5.  1.5] [5.7 2.3] [4.9 2. ] [6.7 2. ] [4.9 1.8] [5.7 2.1] [6.  1.8] [4.8 1.8] [4.9 1.8] [5.6 2.1] [5.8 1.6] [6.1 1.9] [6.4 2. ] [5.6 2.2] [5.1 1.5] [5.6 1.4] [6.1 2.3] [5.6 2.4] [5.5 1.8] [4.8 1.8] [5.4 2.1] [5.6 2.4] [5.1 2.3] [5.1 1.9] [5.9 2.3] [5.7 2.5] [5.2 2.3] [5.  1.9] [5.2 2. ] [5.4 2.3] [5.1 1.8]]

[14  6] a
[19  6] b
[19 34] c
[22 18] d
[22 34] e
[ 9 18] 
[44 14] f
[44  9] g


[ 6 14] a
[14 44] f
[44  9] g
[ 9 23]
[23 18]
[18 22] d
[22 34] e
[34 19] c
[19  6] b